 Gaussian cube file
 Bader charge
    5   -6.512752   -6.512752   -6.512752
   40    0.333333    0.000000    0.000000
   40    0.000000    0.333333    0.000000
   40    0.000000    0.000000    0.333333
    6    6.000000    0.000000    0.000000    0.000000
    1    1.000000    1.190051    1.190051    1.190051
    1    1.000000   -1.190051   -1.190051    1.190051
    1    1.000000   -1.190051    1.190051   -1.190051
    1    1.000000    1.190051   -1.190051   -1.190051
  0.00000E+00  0.00000E+00  0.00000E+00  0.00000E+00  0.00000E+00  0.00000E+00
  0.00000E+00  0.00000E+00  0.00000E+00  0.00000E+00  0.00000E+00  0.00000E+00
  0.00000E+00  0.00000E+00  0.00000E+00  0.00000E+00  0.00000E+00  0.00000E+00
  0.29693E-08  0.36919E-08  0.43786E-08  0.49545E-08  0.53500E-08  0.55140E-08
  0.54252E-08  0.50965E-08  0.45718E-08  0.39167E-08  0.32048E-08  0.25049E-08
  0.18702E-08  0.13339E-08  0.90895E-09  0.59173E-09  0.36803E-09  0.21870E-09
  0.12416E-09  0.67347E-10  0.34902E-10  0.17281E-10
  0.00000E+00  0.00000E+00  0.00000E+00  0.00000E+00  0.00000E+00  0.00000E+00
  0.00000E+00  0.00000E+00  0.00000E+00  0.00000E+00  0.00000E+00  0.00000E+00
  0.00000E+00  0.00000E+00  0.00000E+00  0.00000E+00  0.00000E+00  0.00000E+00
  0.60526E-08  0.75263E-08  0.89259E-08  0.10099E-07  0.10902E-07  0.11233E-07
  0.11048E-07  0.10374E-07  0.93018E-08  0.79653E-08  0.65147E-08  0.50896E-08
  0.37985E-08  0.27083E-08  0.18448E-08  0.12006E-08  0.74654E-09  0.44351E-09
  0.25175E-09  0.13653E-09  0.70745E-10  0.35024E-10
  0.00000E+00  0.00000E+00  0.00000E+00  0.00000E+00  0.00000E+00  0.00000E+00
  0.00000E+00  0.00000E+00  0.00000E+00  0.00000E+00  0.00000E+00  0.00000E+00
  0.00000E+00  0.00000E+00  0.00000E+00  0.00000E+00  0.00000E+00  0.00000E+00
  0.11807E-07  0.14682E-07  0.17411E-07  0.19694E-07  0.21254E-07  0.21889E-07
  0.21518E-07  0.20195E-07  0.18098E-07  0.15489E-07  0.12661E-07  0.98862E-08
  0.73746E-08  0.52556E-08  0.35785E-08  0.23280E-08  0.14471E-08  0.85945E-09
  0.48773E-09  0.26446E-09  0.13701E-09  0.67820E-10
  0.00000E+00  0.00000E+00  0.00000E+00  0.00000E+00  0.00000E+00  0.00000E+00
  0.00000E+00  0.00000E+00  0.00000E+00  0.00000E+00  0.00000E+00  0.00000E+00
  0.00000E+00  0.00000E+00  0.00000E+00  0.00000E+00  0.00000E+00  0.00000E+00
  0.22052E-07  0.27418E-07  0.32505E-07  0.36755E-07  0.39647E-07  0.40811E-07
  0.40095E-07  0.37605E-07  0.33677E-07  0.28802E-07  0.23528E-07  0.18359E-07
  0.13687E-07  0.97485E-08  0.66343E-08  0.43140E-08  0.26805E-08  0.15915E-08
  0.90288E-09  0.48944E-09  0.25352E-09  0.12547E-09
  0.00000E+00  0.00000E+00  0.00000E+00  0.00000E+00  0.00000E+00  0.00000E+00
  0.00000E+00  0.00000E+00  0.00000E+00  0.00000E+00  0.00000E+00  0.00000E+00
  0.00000E+00  0.00000E+00  0.00000E+00  0.00000E+00  0.00000E+00  0.00000E+00
  0.39443E-07  0.49026E-07  0.58099E-07  0.65660E-07  0.70786E-07  0.72813E-07
  0.71481E-07  0.66989E-07  0.59942E-07  0.51222E-07  0.41808E-07  0.32599E-07
  0.24284E-07  0.17285E-07  0.11756E-07  0.76403E-08  0.47450E-08  0.28161E-08
  0.15971E-08  0.86550E-09  0.44820E-09  0.22178E-09
  0.00000E+00  0.00000E+00  0.00000E+00  0.00000E+00  0.00000E+00  0.00000E+00
  0.00000E+00  0.00000E+00  0.00000E+00  0.00000E+00  0.00000E+00  0.00000E+00
  0.00000E+00  0.00000E+00  0.00000E+00  0.00000E+00  0.00000E+00  0.51874E-07
  0.67598E-07  0.83970E-07  0.99446E-07  0.11231E-06  0.12098E-06  0.12434E-06
  0.12195E-06  0.11418E-06  0.10207E-06  0.87132E-07  0.71049E-07  0.55347E-07
  0.41194E-07  0.29298E-07  0.19912E-07  0.12933E-07  0.80273E-08  0.47617E-08
  0.26994E-08  0.14624E-08  0.75707E-09  0.37453E-09
  0.00000E+00  0.00000E+00  0.00000E+00  0.00000E+00  0.00000E+00  0.00000E+00
  0.00000E+00  0.00000E+00  0.00000E+00  0.00000E+00  0.00000E+00  0.00000E+00
  0.00000E+00  0.00000E+00  0.00000E+00  0.00000E+00  0.00000E+00  0.85332E-07
  0.11106E-06  0.13782E-06  0.16306E-06  0.18398E-06  0.19799E-06  0.20326E-06
  0.19914E-06  0.18623E-06  0.16628E-06  0.14178E-06  0.11548E-06  0.89859E-07
  0.66813E-07  0.47473E-07  0.32237E-07  0.20922E-07  0.12978E-07  0.76942E-08
  0.43597E-08  0.23609E-08  0.12218E-08  0.60430E-09
  0.00000E+00  0.00000E+00  0.00000E+00  0.00000E+00  0.00000E+00  0.00000E+00
  0.00000E+00  0.00000E+00  0.00000E+00  0.00000E+00  0.00000E+00  0.00000E+00
  0.00000E+00  0.00000E+00  0.00000E+00  0.00000E+00  0.00000E+00  0.13476E-06
  0.17505E-06  0.21687E-06  0.25623E-06  0.28871E-06  0.31029E-06  0.31814E-06
  0.31127E-06  0.29069E-06  0.25919E-06  0.22070E-06  0.17952E-06  0.13952E-06
  0.10361E-06  0.73540E-07  0.49890E-07  0.32351E-07  0.20052E-07  0.11881E-07
  0.67281E-08  0.36418E-08  0.18840E-08  0.93152E-09
  0.00000E+00  0.00000E+00  0.00000E+00  0.00000E+00  0.00000E+00  0.00000E+00
  0.00000E+00  0.00000E+00  0.00000E+00  0.00000E+00  0.00000E+00  0.00000E+00
  0.00000E+00  0.00000E+00  0.00000E+00  0.00000E+00  0.00000E+00  0.20454E-06
  0.26487E-06  0.32736E-06  0.38598E-06  0.43414E-06  0.46581E-06  0.47683E-06
  0.46578E-06  0.43428E-06  0.38659E-06  0.32867E-06  0.26693E-06  0.20714E-06
  0.15363E-06  0.10891E-06  0.73801E-07  0.47810E-07  0.29609E-07  0.17530E-07
  0.99213E-08  0.53674E-08  0.27756E-08  0.13719E-08
  0.00000E+00  0.00000E+00  0.00000E+00  0.00000E+00  0.00000E+00  0.00000E+00
  0.00000E+00  0.00000E+00  0.00000E+00  0.00000E+00  0.00000E+00  0.00000E+00
  0.00000E+00  0.00000E+00  0.00000E+00  0.00000E+00  0.00000E+00  0.29875E-06
  0.38513E-06  0.47430E-06  0.55765E-06  0.62572E-06  0.66992E-06  0.68440E-06
  0.66725E-06  0.62095E-06  0.55174E-06  0.46822E-06  0.37961E-06  0.29410E-06
  0.21779E-06  0.15417E-06  0.10435E-06  0.67525E-07  0.41780E-07  0.24716E-07
  0.13979E-07  0.75582E-08  0.39067E-08  0.19302E-08
  0.00000E+00  0.00000E+00  0.00000E+00  0.00000E+00  0.00000E+00  0.00000E+00
  0.00000E+00  0.00000E+00  0.00000E+00  0.00000E+00  0.00000E+00  0.00000E+00
  0.00000E+00  0.00000E+00  0.00000E+00  0.00000E+00  0.00000E+00  0.42060E-06
  0.53870E-06  0.66013E-06  0.77309E-06  0.86465E-06  0.92317E-06  0.94077E-06
  0.91507E-06  0.84969E-06  0.75337E-06  0.63802E-06  0.51626E-06  0.39925E-06
  0.29515E-06  0.20863E-06  0.14101E-06  0.91141E-07  0.56333E-07  0.33296E-07
  0.18817E-07  0.10168E-07  0.52531E-08  0.25943E-08
  0.00000E+00  0.00000E+00  0.00000E+00  0.00000E+00  0.00000E+00  0.00000E+00
  0.00000E+00  0.00000E+00  0.00000E+00  0.00000E+00  0.00000E+00  0.00000E+00
  0.00000E+00  0.00000E+00  0.00000E+00  0.00000E+00  0.00000E+00  0.57183E-06
  0.72590E-06  0.88343E-06  0.10290E-05  0.11459E-05  0.12191E-05  0.12385E-05
  0.12013E-05  0.11126E-05  0.98404E-06  0.83145E-06  0.67133E-06  0.51813E-06
  0.38234E-06  0.26981E-06  0.18209E-06  0.11755E-06  0.72574E-07  0.42855E-07
  0.24201E-07  0.13069E-07  0.67478E-08  0.33311E-08
  0.00000E+00  0.00000E+00  0.00000E+00  0.00000E+00  0.00000E+00  0.00000E+00
  0.00000E+00  0.00000E+00  0.00000E+00  0.00000E+00  0.00000E+00  0.00000E+00
  0.00000E+00  0.00000E+00  0.00000E+00  0.00000E+00  0.00000E+00  0.75238E-06
  0.94386E-06  0.11381E-05  0.13161E-05  0.14572E-05  0.15430E-05  0.15614E-05
  0.15093E-05  0.13936E-05  0.12292E-05  0.10360E-05  0.83448E-06  0.64265E-06
  0.47330E-06  0.33341E-06  0.22468E-06  0.14484E-06  0.89321E-07  0.52692E-07
  0.29731E-07  0.16044E-07  0.82796E-08  0.40854E-08
  0.00000E+00  0.00000E+00  0.00000E+00  0.00000E+00  0.00000E+00  0.00000E+00
  0.00000E+00  0.00000E+00  0.00000E+00  0.00000E+00  0.00000E+00  0.00000E+00
  0.00000E+00  0.00000E+00  0.00000E+00  0.00000E+00  0.00000E+00  0.96027E-06
  0.11865E-05  0.14136E-05  0.16191E-05  0.17792E-05  0.18725E-05  0.18854E-05
  0.18149E-05  0.16697E-05  0.14681E-05  0.12338E-05  0.99125E-06  0.76163E-06
  0.55977E-06  0.39360E-06  0.26481E-06  0.17048E-06  0.10501E-06  0.61883E-07
  0.34888E-07  0.18814E-07  0.97033E-08  0.47857E-08
  0.00000E+00  0.00000E+00  0.00000E+00  0.00000E+00  0.00000E+00  0.00000E+00
  0.00000E+00  0.00000E+00  0.00000E+00  0.00000E+00  0.00000E+00  0.00000E+00
  0.00000E+00  0.00000E+00  0.00000E+00  0.00000E+00  0.95403E-06  0.11917E-05
  0.14453E-05  0.16956E-05  0.19185E-05  0.20875E-05  0.21798E-05  0.21810E-05
  0.20886E-05  0.19132E-05  0.16760E-05  0.14040E-05  0.11249E-05  0.86218E-06
  0.63231E-06  0.44378E-06  0.29808E-06  0.19163E-06  0.11789E-06  0.69408E-07
  0.39097E-07  0.21069E-07  0.10860E-07  0.53539E-08
  0.00000E+00  0.00000E+00  0.00000E+00  0.00000E+00  0.00000E+00  0.00000E+00
  0.00000E+00  0.00000E+00  0.00000E+00  0.00000E+00  0.00000E+00  0.00000E+00
  0.00000E+00  0.00000E+00  0.00000E+00  0.00000E+00  0.00000E+00  0.14412E-05
  0.17096E-05  0.19686E-05  0.21931E-05  0.23567E-05  0.24363E-05  0.24181E-05
  0.23008E-05  0.20965E-05  0.18286E-05  0.15263E-05  0.12191E-05  0.93198E-06
  0.68198E-06  0.47772E-06  0.32036E-06  0.20566E-06  0.12638E-06  0.74331E-07
  0.41836E-07  0.22530E-07  0.11607E-07  0.57196E-08
  0.00000E+00  0.00000E+00  0.00000E+00  0.00000E+00  0.00000E+00  0.00000E+00
  0.00000E+00  0.00000E+00  0.00000E+00  0.00000E+00  0.00000E+00  0.00000E+00
  0.00000E+00  0.00000E+00  0.00000E+00  0.00000E+00  0.00000E+00  0.00000E+00
  0.19683E-05  0.22171E-05  0.24239E-05  0.25644E-05  0.26178E-05  0.25720E-05
  0.24274E-05  0.21976E-05  0.19069E-05  0.15849E-05  0.12616E-05  0.96176E-06
  0.70212E-06  0.49087E-06  0.32864E-06  0.21069E-06  0.12932E-06  0.75991E-07
  0.42738E-07  0.23001E-07  0.11844E-07  0.58340E-08
  0.00000E+00  0.00000E+00  0.00000E+00  0.00000E+00  0.00000E+00  0.00000E+00
  0.00000E+00  0.00000E+00  0.00000E+00  0.00000E+00  0.00000E+00  0.00000E+00
  0.00000E+00  0.00000E+00  0.00000E+00  0.00000E+00  0.00000E+00  0.00000E+00
  0.00000E+00  0.24278E-05  0.25965E-05  0.26957E-05  0.27090E-05  0.26279E-05
  0.24552E-05  0.22049E-05  0.19011E-05  0.15723E-05  0.12466E-05  0.94734E-06
  0.68985E-06  0.48132E-06  0.32172E-06  0.20598E-06  0.12629E-06  0.74145E-07
  0.41670E-07  0.22414E-07  0.11537E-07  0.56808E-08
  0.00000E+00  0.00000E+00  0.00000E+00  0.00000E+00  0.00000E+00  0.00000E+00
  0.00000E+00  0.00000E+00  0.00000E+00  0.00000E+00  0.00000E+00  0.00000E+00
  0.00000E+00  0.00000E+00  0.00000E+00  0.00000E+00  0.00000E+00  0.00000E+00
  0.00000E+00  0.00000E+00  0.27022E-05  0.27443E-05  0.27063E-05  0.25845E-05
  0.23842E-05  0.21198E-05  0.18134E-05  0.14906E-05  0.11763E-05  0.89067E-06
  0.64677E-06  0.45028E-06  0.30046E-06  0.19211E-06  0.11767E-06  0.69028E-07
  0.38770E-07  0.20844E-07  0.10725E-07  0.52798E-08
  0.00000E+00  0.00000E+00  0.00000E+00  0.00000E+00  0.00000E+00  0.00000E+00
  0.00000E+00  0.00000E+00  0.00000E+00  0.00000E+00  0.00000E+00  0.00000E+00
  0.00000E+00  0.00000E+00  0.00000E+00  0.00000E+00  0.00000E+00  0.00000E+00
  0.00000E+00  0.00000E+00  0.00000E+00  0.27129E-05  0.26170E-05  0.24525E-05
  0.22275E-05  0.19558E-05  0.16567E-05  0.13515E-05  0.10604E-05  0.79942E-06
  0.57861E-06  0.40184E-06  0.26766E-06  0.17091E-06  0.10458E-06  0.61303E-07
  0.34413E-07  0.18495E-07  0.95138E-08  0.46828E-08
  0.00000E+00  0.00000E+00  0.00000E+00  0.00000E+00  0.00000E+00  0.00000E+00
  0.00000E+00  0.00000E+00  0.00000E+00  0.00000E+00  0.00000E+00  0.00000E+00
  0.00000E+00  0.00000E+00  0.00000E+00  0.00000E+00  0.00000E+00  0.00000E+00
  0.00000E+00  0.00000E+00  0.00000E+00  0.00000E+00  0.24567E-05  0.22521E-05
  0.20073E-05  0.17355E-05  0.14521E-05  0.11733E-05  0.91390E-06  0.68524E-06
  0.49401E-06  0.34210E-06  0.22740E-06  0.14499E-06  0.88632E-07  0.51920E-07
  0.29134E-07  0.15654E-07  0.80510E-08  0.39626E-08
  0.00000E+00  0.00000E+00  0.00000E+00  0.00000E+00  0.00000E+00  0.00000E+00
  0.00000E+00  0.00000E+00  0.00000E+00  0.00000E+00  0.00000E+00  0.00000E+00
  0.00000E+00  0.00000E+00  0.00000E+00  0.00000E+00  0.00000E+00  0.00000E+00
  0.00000E+00  0.00000E+00  0.00000E+00  0.00000E+00  0.00000E+00  0.20074E-05
  0.17502E-05  0.14851E-05  0.12237E-05  0.97685E-06  0.75388E-06  0.56137E-06
  0.40268E-06  0.27786E-06  0.18424E-06  0.11728E-06  0.71617E-07  0.41926E-07
  0.23518E-07  0.12634E-07  0.64981E-08  0.31986E-08
  0.00000E+00  0.00000E+00  0.00000E+00  0.00000E+00  0.00000E+00  0.00000E+00
  0.00000E+00  0.00000E+00  0.00000E+00  0.00000E+00  0.00000E+00  0.00000E+00
  0.00000E+00  0.00000E+00  0.00000E+00  0.00000E+00  0.00000E+00  0.00000E+00
  0.00000E+00  0.00000E+00  0.00000E+00  0.00000E+00  0.00000E+00  0.00000E+00
  0.14813E-05  0.12294E-05  0.99425E-06  0.78176E-06  0.59621E-06  0.44002E-06
  0.31358E-06  0.21540E-06  0.14238E-06  0.90449E-07  0.55164E-07  0.00000E+00
  0.00000E+00  0.00000E+00  0.00000E+00  0.00000E+00
  0.00000E+00  0.00000E+00  0.00000E+00  0.00000E+00  0.00000E+00  0.00000E+00
  0.00000E+00  0.00000E+00  0.00000E+00  0.00000E+00  0.00000E+00  0.00000E+00
  0.00000E+00  0.00000E+00  0.00000E+00  0.00000E+00  0.00000E+00  0.00000E+00
  0.00000E+00  0.00000E+00  0.00000E+00  0.00000E+00  0.00000E+00  0.00000E+00
  0.00000E+00  0.98812E-06  0.00000E+00  0.00000E+00  0.00000E+00  0.00000E+00
  0.00000E+00  0.00000E+00  0.00000E+00  0.00000E+00  0.00000E+00  0.00000E+00
  0.00000E+00  0.00000E+00  0.00000E+00  0.00000E+00
  0.00000E+00  0.00000E+00  0.00000E+00  0.00000E+00  0.00000E+00  0.00000E+00
  0.00000E+00  0.00000E+00  0.00000E+00  0.00000E+00  0.00000E+00  0.00000E+00
  0.00000E+00  0.00000E+00  0.00000E+00  0.00000E+00  0.00000E+00  0.00000E+00
  0.00000E+00  0.00000E+00  0.00000E+00  0.00000E+00  0.00000E+00  0.00000E+00
  0.00000E+00  0.00000E+00  0.00000E+00  0.00000E+00  0.00000E+00  0.00000E+00
  0.00000E+00  0.00000E+00  0.00000E+00  0.00000E+00  0.00000E+00  0.00000E+00
  0.00000E+00  0.00000E+00  0.00000E+00  0.00000E+00
  0.00000E+00  0.00000E+00  0.00000E+00  0.00000E+00  0.00000E+00  0.00000E+00
  0.00000E+00  0.00000E+00  0.00000E+00  0.00000E+00  0.00000E+00  0.00000E+00
  0.00000E+00  0.00000E+00  0.00000E+00  0.00000E+00  0.00000E+00  0.00000E+00
  0.00000E+00  0.00000E+00  0.00000E+00  0.00000E+00  0.00000E+00  0.00000E+00
  0.00000E+00  0.00000E+00  0.00000E+00  0.00000E+00  0.00000E+00  0.00000E+00
  0.00000E+00  0.00000E+00  0.00000E+00  0.00000E+00  0.00000E+00  0.00000E+00
  0.00000E+00  0.00000E+00  0.00000E+00  0.00000E+00
  0.00000E+00  0.00000E+00  0.00000E+00  0.00000E+00  0.00000E+00  0.00000E+00
  0.00000E+00  0.00000E+00  0.00000E+00  0.00000E+00  0.00000E+00  0.00000E+00
  0.00000E+00  0.00000E+00  0.00000E+00  0.00000E+00  0.00000E+00  0.00000E+00
  0.00000E+00  0.00000E+00  0.00000E+00  0.00000E+00  0.00000E+00  0.00000E+00
  0.00000E+00  0.00000E+00  0.00000E+00  0.00000E+00  0.00000E+00  0.00000E+00
  0.00000E+00  0.00000E+00  0.00000E+00  0.00000E+00  0.00000E+00  0.00000E+00
  0.00000E+00  0.00000E+00  0.00000E+00  0.00000E+00
  0.00000E+00  0.00000E+00  0.00000E+00  0.00000E+00  0.00000E+00  0.00000E+00
  0.00000E+00  0.00000E+00  0.00000E+00  0.00000E+00  0.00000E+00  0.00000E+00
  0.00000E+00  0.00000E+00  0.00000E+00  0.00000E+00  0.00000E+00  0.00000E+00
  0.00000E+00  0.00000E+00  0.00000E+00  0.00000E+00  0.00000E+00  0.00000E+00
  0.00000E+00  0.00000E+00  0.00000E+00  0.00000E+00  0.00000E+00  0.00000E+00
  0.00000E+00  0.00000E+00  0.00000E+00  0.00000E+00  0.00000E+00  0.00000E+00
  0.00000E+00  0.00000E+00  0.00000E+00  0.00000E+00
  0.00000E+00  0.00000E+00  0.00000E+00  0.00000E+00  0.00000E+00  0.00000E+00
  0.00000E+00  0.00000E+00  0.00000E+00  0.00000E+00  0.00000E+00  0.00000E+00
  0.00000E+00  0.00000E+00  0.00000E+00  0.00000E+00  0.00000E+00  0.00000E+00
  0.00000E+00  0.00000E+00  0.00000E+00  0.00000E+00  0.00000E+00  0.00000E+00
  0.00000E+00  0.00000E+00  0.00000E+00  0.00000E+00  0.00000E+00  0.00000E+00
  0.00000E+00  0.00000E+00  0.00000E+00  0.00000E+00  0.00000E+00  0.00000E+00
  0.00000E+00  0.00000E+00  0.00000E+00  0.00000E+00
  0.00000E+00  0.00000E+00  0.00000E+00  0.00000E+00  0.00000E+00  0.00000E+00
  0.00000E+00  0.00000E+00  0.00000E+00  0.00000E+00  0.00000E+00  0.00000E+00
  0.00000E+00  0.00000E+00  0.00000E+00  0.00000E+00  0.00000E+00  0.00000E+00
  0.00000E+00  0.00000E+00  0.00000E+00  0.00000E+00  0.00000E+00  0.00000E+00
  0.00000E+00  0.00000E+00  0.00000E+00  0.00000E+00  0.00000E+00  0.00000E+00
  0.00000E+00  0.00000E+00  0.00000E+00  0.00000E+00  0.00000E+00  0.00000E+00
  0.00000E+00  0.00000E+00  0.00000E+00  0.00000E+00
  0.00000E+00  0.00000E+00  0.00000E+00  0.00000E+00  0.00000E+00  0.00000E+00
  0.00000E+00  0.00000E+00  0.00000E+00  0.00000E+00  0.00000E+00  0.00000E+00
  0.00000E+00  0.00000E+00  0.00000E+00  0.00000E+00  0.00000E+00  0.00000E+00
  0.00000E+00  0.00000E+00  0.00000E+00  0.00000E+00  0.00000E+00  0.00000E+00
  0.00000E+00  0.00000E+00  0.00000E+00  0.00000E+00  0.00000E+00  0.00000E+00
  0.00000E+00  0.00000E+00  0.00000E+00  0.00000E+00  0.00000E+00  0.00000E+00
  0.00000E+00  0.00000E+00  0.00000E+00  0.00000E+00
  0.00000E+00  0.00000E+00  0.00000E+00  0.00000E+00  0.00000E+00  0.00000E+00
  0.00000E+00  0.00000E+00  0.00000E+00  0.00000E+00  0.00000E+00  0.00000E+00
  0.00000E+00  0.00000E+00  0.00000E+00  0.00000E+00  0.00000E+00  0.00000E+00
  0.00000E+00  0.00000E+00  0.00000E+00  0.00000E+00  0.00000E+00  0.00000E+00
  0.00000E+00  0.00000E+00  0.00000E+00  0.00000E+00  0.00000E+00  0.00000E+00
  0.00000E+00  0.00000E+00  0.00000E+00  0.00000E+00  0.00000E+00  0.00000E+00
  0.00000E+00  0.00000E+00  0.00000E+00  0.00000E+00
  0.00000E+00  0.00000E+00  0.00000E+00  0.00000E+00  0.00000E+00  0.00000E+00
  0.00000E+00  0.00000E+00  0.00000E+00  0.00000E+00  0.00000E+00  0.00000E+00
  0.00000E+00  0.00000E+00  0.00000E+00  0.00000E+00  0.00000E+00  0.00000E+00
  0.00000E+00  0.00000E+00  0.00000E+00  0.00000E+00  0.00000E+00  0.00000E+00
  0.00000E+00  0.00000E+00  0.00000E+00  0.00000E+00  0.00000E+00  0.00000E+00
  0.00000E+00  0.00000E+00  0.00000E+00  0.00000E+00  0.00000E+00  0.00000E+00
  0.00000E+00  0.00000E+00  0.00000E+00  0.00000E+00
  0.00000E+00  0.00000E+00  0.00000E+00  0.00000E+00  0.00000E+00  0.00000E+00
  0.00000E+00  0.00000E+00  0.00000E+00  0.00000E+00  0.00000E+00  0.00000E+00
  0.00000E+00  0.00000E+00  0.00000E+00  0.00000E+00  0.00000E+00  0.00000E+00
  0.00000E+00  0.00000E+00  0.00000E+00  0.00000E+00  0.00000E+00  0.00000E+00
  0.00000E+00  0.00000E+00  0.00000E+00  0.00000E+00  0.00000E+00  0.00000E+00
  0.00000E+00  0.00000E+00  0.00000E+00  0.00000E+00  0.00000E+00  0.00000E+00
  0.00000E+00  0.00000E+00  0.00000E+00  0.00000E+00
  0.00000E+00  0.00000E+00  0.00000E+00  0.00000E+00  0.00000E+00  0.00000E+00
  0.00000E+00  0.00000E+00  0.00000E+00  0.00000E+00  0.00000E+00  0.00000E+00
  0.00000E+00  0.00000E+00  0.00000E+00  0.00000E+00  0.00000E+00  0.00000E+00
  0.00000E+00  0.00000E+00  0.00000E+00  0.00000E+00  0.00000E+00  0.00000E+00
  0.00000E+00  0.00000E+00  0.00000E+00  0.00000E+00  0.00000E+00  0.00000E+00
  0.00000E+00  0.00000E+00  0.00000E+00  0.00000E+00  0.00000E+00  0.00000E+00
  0.00000E+00  0.00000E+00  0.00000E+00  0.00000E+00
  0.00000E+00  0.00000E+00  0.00000E+00  0.00000E+00  0.00000E+00  0.00000E+00
  0.00000E+00  0.00000E+00  0.00000E+00  0.00000E+00  0.00000E+00  0.00000E+00
  0.00000E+00  0.00000E+00  0.00000E+00  0.00000E+00  0.00000E+00  0.00000E+00
  0.00000E+00  0.00000E+00  0.00000E+00  0.00000E+00  0.00000E+00  0.00000E+00
  0.00000E+00  0.00000E+00  0.00000E+00  0.00000E+00  0.00000E+00  0.00000E+00
  0.00000E+00  0.00000E+00  0.00000E+00  0.00000E+00  0.00000E+00  0.00000E+00
  0.00000E+00  0.00000E+00  0.00000E+00  0.00000E+00
  0.00000E+00  0.00000E+00  0.00000E+00  0.00000E+00  0.00000E+00  0.00000E+00
  0.00000E+00  0.00000E+00  0.00000E+00  0.00000E+00  0.00000E+00  0.00000E+00
  0.00000E+00  0.00000E+00  0.00000E+00  0.00000E+00  0.00000E+00  0.00000E+00
  0.00000E+00  0.00000E+00  0.00000E+00  0.00000E+00  0.00000E+00  0.00000E+00
  0.00000E+00  0.00000E+00  0.00000E+00  0.00000E+00  0.00000E+00  0.00000E+00
  0.00000E+00  0.00000E+00  0.00000E+00  0.00000E+00  0.00000E+00  0.00000E+00
  0.00000E+00  0.00000E+00  0.00000E+00  0.00000E+00
  0.00000E+00  0.00000E+00  0.00000E+00  0.00000E+00  0.00000E+00  0.00000E+00
  0.00000E+00  0.00000E+00  0.00000E+00  0.00000E+00  0.00000E+00  0.00000E+00
  0.00000E+00  0.00000E+00  0.00000E+00  0.00000E+00  0.00000E+00  0.00000E+00
  0.00000E+00  0.00000E+00  0.00000E+00  0.00000E+00  0.00000E+00  0.00000E+00
  0.00000E+00  0.00000E+00  0.00000E+00  0.00000E+00  0.00000E+00  0.00000E+00
  0.00000E+00  0.00000E+00  0.00000E+00  0.00000E+00  0.00000E+00  0.00000E+00
  0.00000E+00  0.00000E+00  0.00000E+00  0.00000E+00
  0.00000E+00  0.00000E+00  0.00000E+00  0.00000E+00  0.00000E+00  0.00000E+00
  0.00000E+00  0.00000E+00  0.00000E+00  0.00000E+00  0.00000E+00  0.00000E+00
  0.00000E+00  0.00000E+00  0.00000E+00  0.00000E+00  0.00000E+00  0.00000E+00
  0.00000E+00  0.00000E+00  0.00000E+00  0.00000E+00  0.00000E+00  0.00000E+00
  0.00000E+00  0.00000E+00  0.00000E+00  0.00000E+00  0.00000E+00  0.00000E+00
  0.00000E+00  0.00000E+00  0.00000E+00  0.00000E+00  0.00000E+00  0.00000E+00
  0.00000E+00  0.00000E+00  0.00000E+00  0.00000E+00
  0.00000E+00  0.00000E+00  0.00000E+00  0.00000E+00  0.00000E+00  0.00000E+00
  0.00000E+00  0.00000E+00  0.00000E+00  0.00000E+00  0.00000E+00  0.00000E+00
  0.00000E+00  0.00000E+00  0.00000E+00  0.00000E+00  0.00000E+00  0.00000E+00
  0.00000E+00  0.00000E+00  0.00000E+00  0.00000E+00  0.00000E+00  0.00000E+00
  0.00000E+00  0.00000E+00  0.00000E+00  0.00000E+00  0.00000E+00  0.00000E+00
  0.00000E+00  0.00000E+00  0.00000E+00  0.00000E+00  0.00000E+00  0.00000E+00
  0.00000E+00  0.00000E+00  0.00000E+00  0.00000E+00
  0.00000E+00  0.00000E+00  0.00000E+00  0.00000E+00  0.00000E+00  0.00000E+00
  0.00000E+00  0.00000E+00  0.00000E+00  0.00000E+00  0.00000E+00  0.00000E+00
  0.00000E+00  0.00000E+00  0.00000E+00  0.00000E+00  0.00000E+00  0.00000E+00
  0.60526E-08  0.75263E-08  0.89259E-08  0.10099E-07  0.10902E-07  0.11233E-07
  0.11048E-07  0.10374E-07  0.93018E-08  0.79653E-08  0.65147E-08  0.50896E-08
  0.37985E-08  0.27083E-08  0.18448E-08  0.12006E-08  0.74654E-09  0.44351E-09
  0.25175E-09  0.13653E-09  0.70745E-10  0.35024E-10
  0.16592E-12  0.00000E+00  0.00000E+00  0.00000E+00  0.00000E+00  0.00000E+00
  0.21850E-10  0.47373E-10  0.99071E-10  0.19877E-09  0.38129E-09  0.69788E-09
  0.12174E-08  0.20231E-08  0.32022E-08  0.48275E-08  0.69331E-08  0.94876E-08
  0.12374E-07  0.15387E-07  0.18244E-07  0.20635E-07  0.22267E-07  0.22931E-07
  0.22540E-07  0.21153E-07  0.18954E-07  0.16221E-07  0.13259E-07  0.10352E-07
  0.77217E-08  0.55026E-08  0.37465E-08  0.24373E-08  0.15149E-08  0.89973E-09
  0.51057E-09  0.27684E-09  0.14342E-09  0.70993E-10
  0.38160E-12  0.00000E+00  0.00000E+00  0.00000E+00  0.00000E+00  0.00000E+00
  0.43699E-10  0.93784E-10  0.19490E-09  0.38965E-09  0.74613E-09  0.13647E-08
  0.23806E-08  0.39570E-08  0.62652E-08  0.94484E-08  0.13573E-07  0.18576E-07
  0.24227E-07  0.30119E-07  0.35702E-07  0.40362E-07  0.43531E-07  0.44799E-07
  0.44004E-07  0.41264E-07  0.36947E-07  0.31594E-07  0.25804E-07  0.20133E-07
  0.15007E-07  0.10688E-07  0.72727E-08  0.47288E-08  0.29380E-08  0.17442E-08
  0.98948E-09  0.53636E-09  0.27781E-09  0.13749E-09
  0.88567E-12  0.00000E+00  0.00000E+00  0.00000E+00  0.00000E+00  0.00000E+00
  0.00000E+00  0.18103E-09  0.37192E-09  0.73811E-09  0.14071E-08  0.25670E-08
  0.44718E-08  0.74282E-08  0.11758E-07  0.17730E-07  0.25467E-07  0.34850E-07
  0.45442E-07  0.56474E-07  0.66910E-07  0.75598E-07  0.81475E-07  0.83782E-07
  0.82223E-07  0.77032E-07  0.68907E-07  0.58867E-07  0.48035E-07  0.37444E-07
  0.27888E-07  0.19846E-07  0.13495E-07  0.87693E-08  0.54455E-08  0.32314E-08
  0.18324E-08  0.99295E-09  0.51416E-09  0.25441E-09
  0.20579E-11  0.00000E+00  0.00000E+00  0.00000E+00  0.00000E+00  0.00000E+00
  0.00000E+00  0.00000E+00  0.00000E+00  0.13572E-08  0.25660E-08  0.46568E-08
  0.80854E-08  0.13403E-07  0.21190E-07  0.31926E-07  0.45832E-07  0.62686E-07
  0.81696E-07  0.10147E-06  0.12014E-06  0.13563E-06  0.14605E-06  0.15003E-06
  0.14708E-06  0.13764E-06  0.12298E-06  0.10494E-06  0.85535E-07  0.66605E-07
  0.49556E-07  0.35233E-07  0.23939E-07  0.15545E-07  0.96464E-08  0.57211E-08
  0.32427E-08  0.17565E-08  0.90924E-09  0.44977E-09
  0.47317E-11  0.00000E+00  0.00000E+00  0.00000E+00  0.00000E+00  0.00000E+00
  0.00000E+00  0.00000E+00  0.00000E+00  0.24353E-08  0.45446E-08  0.81738E-08
  0.14106E-07  0.23292E-07  0.36723E-07  0.55229E-07  0.79178E-07  0.10818E-06
  0.14085E-06  0.17478E-06  0.20674E-06  0.23317E-06  0.25079E-06  0.25732E-06
  0.25194E-06  0.23545E-06  0.21009E-06  0.17902E-06  0.14572E-06  0.11333E-06
  0.84217E-07  0.59811E-07  0.40598E-07  0.26339E-07  0.16333E-07  0.96804E-08
  0.54838E-08  0.29691E-08  0.15363E-08  0.75973E-09
  0.10642E-10  0.00000E+00  0.00000E+00  0.00000E+00  0.00000E+00  0.00000E+00
  0.00000E+00  0.00000E+00  0.00000E+00  0.00000E+00  0.78544E-08  0.13936E-07
  0.23821E-07  0.39069E-07  0.61312E-07  0.91903E-07  0.13144E-06  0.17924E-06
  0.23302E-06  0.28876E-06  0.34112E-06  0.38421E-06  0.41268E-06  0.42281E-06
  0.41334E-06  0.38567E-06  0.34357E-06  0.29229E-06  0.23754E-06  0.18446E-06
  0.13688E-06  0.97090E-07  0.65827E-07  0.42663E-07  0.26432E-07  0.15654E-07
  0.88622E-08  0.47956E-08  0.24804E-08  0.12261E-08
  0.23188E-10  0.00000E+00  0.00000E+00  0.00000E+00  0.00000E+00  0.00000E+00
  0.00000E+00  0.00000E+00  0.00000E+00  0.00000E+00  0.13312E-07  0.23180E-07
  0.39073E-07  0.63436E-07  0.98824E-07  0.14735E-06  0.20991E-06  0.28541E-06
  0.37017E-06  0.45781E-06  0.53986E-06  0.60703E-06  0.65090E-06  0.66573E-06
  0.64964E-06  0.60502E-06  0.53794E-06  0.45679E-06  0.37054E-06  0.28723E-06
  0.21280E-06  0.15071E-06  0.10205E-06  0.66060E-07  0.40886E-07  0.24193E-07
  0.13686E-07  0.74015E-08  0.38263E-08  0.18907E-08
  0.48615E-10  0.00000E+00  0.00000E+00  0.00000E+00  0.00000E+00  0.00000E+00
  0.00000E+00  0.00000E+00  0.00000E+00  0.00000E+00  0.00000E+00  0.37771E-07
  0.62486E-07  0.10001E-06  0.15416E-06  0.22805E-06  0.32298E-06  0.43720E-06
  0.56509E-06  0.69692E-06  0.81986E-06  0.91984E-06  0.98427E-06  0.10046E-05
  0.97824E-06  0.90908E-06  0.80651E-06  0.68334E-06  0.55314E-06  0.42790E-06
  0.31643E-06  0.22372E-06  0.15125E-06  0.97780E-07  0.60448E-07  0.35734E-07
  0.20198E-07  0.10915E-07  0.56396E-08  0.27854E-08
  0.97629E-10  0.00000E+00  0.00000E+00  0.00000E+00  0.00000E+00  0.00000E+00
  0.00000E+00  0.00000E+00  0.00000E+00  0.00000E+00  0.00000E+00  0.00000E+00
  0.97780E-07  0.15361E-06  0.23338E-06  0.34146E-06  0.47957E-06  0.64506E-06
  0.82966E-06  0.10193E-05  0.11952E-05  0.13372E-05  0.14272E-05  0.14530E-05
  0.14114E-05  0.13083E-05  0.11578E-05  0.97851E-06  0.79016E-06  0.60985E-06
  0.45002E-06  0.31756E-06  0.21432E-06  0.13835E-06  0.85417E-07  0.50439E-07
  0.28483E-07  0.15381E-07  0.79418E-08  0.39204E-08
  0.18727E-09  0.00000E+00  0.00000E+00  0.00000E+00  0.00000E+00  0.00000E+00
  0.00000E+00  0.00000E+00  0.00000E+00  0.00000E+00  0.00000E+00  0.00000E+00
  0.00000E+00  0.23055E-06  0.34385E-06  0.49578E-06  0.68846E-06  0.91798E-06
  0.11727E-05  0.14330E-05  0.16732E-05  0.18652E-05  0.19843E-05  0.20142E-05
  0.19508E-05  0.18031E-05  0.15911E-05  0.13410E-05  0.10799E-05  0.83139E-06
  0.61205E-06  0.43098E-06  0.29032E-06  0.18710E-06  0.11535E-06  0.68033E-07
  0.38381E-07  0.20708E-07  0.10685E-07  0.52716E-08
  0.34259E-09  0.00000E+00  0.00000E+00  0.00000E+00  0.00000E+00  0.00000E+00
  0.00000E+00  0.00000E+00  0.00000E+00  0.00000E+00  0.00000E+00  0.00000E+00
  0.00000E+00  0.33890E-06  0.49429E-06  0.69973E-06  0.95748E-06  0.12620E-05
  0.15976E-05  0.19383E-05  0.22503E-05  0.24968E-05  0.26455E-05  0.26755E-05
  0.25825E-05  0.23792E-05  0.20928E-05  0.17583E-05  0.14119E-05  0.10839E-05
  0.79589E-06  0.55914E-06  0.37589E-06  0.24181E-06  0.14886E-06  0.87682E-07
  0.49412E-07  0.26636E-07  0.13734E-07  0.67716E-08
  0.59721E-09  0.00000E+00  0.00000E+00  0.00000E+00  0.00000E+00  0.00000E+00
  0.00000E+00  0.00000E+00  0.00000E+00  0.00000E+00  0.00000E+00  0.00000E+00
  0.00000E+00  0.00000E+00  0.69467E-06  0.96212E-06  0.12927E-05  0.16788E-05
  0.21003E-05  0.25245E-05  0.29089E-05  0.32079E-05  0.33816E-05  0.34049E-05
  0.32733E-05  0.30043E-05  0.26332E-05  0.22050E-05  0.17648E-05  0.13508E-05
  0.98923E-06  0.69328E-06  0.46506E-06  0.29862E-06  0.18354E-06  0.10796E-06
  0.60771E-07  0.32729E-07  0.16862E-07  0.83088E-08
  0.99167E-09  0.00000E+00  0.00000E+00  0.00000E+00  0.00000E+00  0.00000E+00
  0.00000E+00  0.00000E+00  0.00000E+00  0.00000E+00  0.00000E+00  0.00000E+00
  0.00000E+00  0.00000E+00  0.00000E+00  0.12910E-05  0.16977E-05  0.21651E-05
  0.26686E-05  0.31691E-05  0.36164E-05  0.39570E-05  0.41444E-05  0.41502E-05
  0.39707E-05  0.36288E-05  0.31681E-05  0.26431E-05  0.21083E-05  0.16088E-05
  0.11748E-05  0.82126E-06  0.54970E-06  0.35229E-06  0.21617E-06  0.12698E-06
  0.71393E-07  0.38413E-07  0.19774E-07  0.97376E-08
  0.15685E-08  0.00000E+00  0.00000E+00  0.00000E+00  0.00000E+00  0.00000E+00
  0.00000E+00  0.00000E+00  0.00000E+00  0.00000E+00  0.00000E+00  0.00000E+00
  0.00000E+00  0.00000E+00  0.00000E+00  0.00000E+00  0.21723E-05  0.27119E-05
  0.32824E-05  0.38397E-05  0.43281E-05  0.46886E-05  0.48708E-05  0.48446E-05
  0.46086E-05  0.41908E-05  0.36426E-05  0.30271E-05  0.24060E-05  0.18300E-05
  0.13325E-05  0.92915E-06  0.62053E-06  0.39692E-06  0.24315E-06  0.14263E-06
  0.80099E-07  0.43055E-07  0.22146E-07  0.10899E-07
  0.23632E-08  0.00000E+00  0.00000E+00  0.00000E+00  0.00000E+00  0.00000E+00
  0.00000E+00  0.00000E+00  0.00000E+00  0.00000E+00  0.00000E+00  0.00000E+00
  0.00000E+00  0.00000E+00  0.00000E+00  0.00000E+00  0.00000E+00  0.33046E-05
  0.39157E-05  0.44978E-05  0.49931E-05  0.53415E-05  0.54923E-05  0.54171E-05
  0.51175E-05  0.46265E-05  0.40013E-05  0.33108E-05  0.26216E-05  0.19874E-05
  0.14429E-05  0.10036E-05  0.66877E-06  0.42697E-06  0.26114E-06  0.15297E-06
  0.85808E-07  0.46080E-07  0.23684E-07  0.11648E-07
  0.33924E-08  0.00000E+00  0.00000E+00  0.00000E+00  0.00000E+00  0.00000E+00
  0.00000E+00  0.00000E+00  0.00000E+00  0.00000E+00  0.00000E+00  0.00000E+00
  0.00000E+00  0.00000E+00  0.00000E+00  0.00000E+00  0.00000E+00  0.00000E+00
  0.45385E-05  0.51034E-05  0.55623E-05  0.58592E-05  0.59483E-05  0.58059E-05
  0.54384E-05  0.48825E-05  0.41984E-05  0.34573E-05  0.27265E-05  0.20598E-05
  0.14911E-05  0.10345E-05  0.68789E-06  0.43838E-06  0.26770E-06  0.15661E-06
  0.87753E-07  0.47082E-07  0.24182E-07  0.11886E-07
  0.46411E-08  0.00000E+00  0.00000E+00  0.00000E+00  0.00000E+00  0.00000E+00
  0.00000E+00  0.00000E+00  0.00000E+00  0.00000E+00  0.00000E+00  0.00000E+00
  0.00000E+00  0.00000E+00  0.00000E+00  0.00000E+00  0.00000E+00  0.00000E+00
  0.00000E+00  0.56201E-05  0.59960E-05  0.62003E-05  0.61974E-05  0.59720E-05
  0.55358E-05  0.49282E-05  0.42091E-05  0.34471E-05  0.27064E-05  0.20371E-05
  0.14702E-05  0.10174E-05  0.67510E-06  0.42946E-06  0.26187E-06  0.15301E-06
  0.85649E-07  0.45915E-07  0.23567E-07  0.11578E-07
  0.00000E+00  0.00000E+00  0.00000E+00  0.00000E+00  0.00000E+00  0.00000E+00
  0.00000E+00  0.00000E+00  0.00000E+00  0.00000E+00  0.00000E+00  0.00000E+00
  0.00000E+00  0.00000E+00  0.00000E+00  0.00000E+00  0.00000E+00  0.00000E+00
  0.00000E+00  0.00000E+00  0.62686E-05  0.63447E-05  0.62252E-05  0.59061E-05
  0.54053E-05  0.47628E-05  0.40347E-05  0.32828E-05  0.25642E-05  0.19223E-05
  0.13828E-05  0.95445E-06  0.63197E-06  0.40133E-06  0.24437E-06  0.14263E-06
  0.79763E-07  0.42729E-07  0.21918E-07  0.10763E-07
  0.00000E+00  0.00000E+00  0.00000E+00  0.00000E+00  0.00000E+00  0.00000E+00
  0.00000E+00  0.00000E+00  0.00000E+00  0.00000E+00  0.00000E+00  0.00000E+00
  0.00000E+00  0.00000E+00  0.00000E+00  0.00000E+00  0.00000E+00  0.00000E+00
  0.00000E+00  0.00000E+00  0.00000E+00  0.62939E-05  0.60443E-05  0.56294E-05
  0.50731E-05  0.44142E-05  0.37021E-05  0.29886E-05  0.23201E-05  0.17311E-05
  0.12407E-05  0.85395E-06  0.56418E-06  0.35767E-06  0.21749E-06  0.12680E-06
  0.70857E-07  0.37934E-07  0.19450E-07  0.95478E-08
  0.00000E+00  0.00000E+00  0.00000E+00  0.00000E+00  0.00000E+00  0.00000E+00
  0.00000E+00  0.00000E+00  0.00000E+00  0.00000E+00  0.00000E+00  0.00000E+00
  0.00000E+00  0.00000E+00  0.00000E+00  0.00000E+00  0.00000E+00  0.00000E+00
  0.00000E+00  0.00000E+00  0.00000E+00  0.00000E+00  0.56883E-05  0.51858E-05
  0.45882E-05  0.39318E-05  0.32571E-05  0.26039E-05  0.20064E-05  0.14884E-05
  0.10622E-05  0.72869E-06  0.48026E-06  0.30391E-06  0.18456E-06  0.10750E-06
  0.60026E-07  0.32119E-07  0.16463E-07  0.80799E-08
  0.00000E+00  0.00000E+00  0.00000E+00  0.00000E+00  0.00000E+00  0.00000E+00
  0.00000E+00  0.00000E+00  0.00000E+00  0.00000E+00  0.00000E+00  0.00000E+00
  0.00000E+00  0.00000E+00  0.00000E+00  0.00000E+00  0.00000E+00  0.00000E+00
  0.00000E+00  0.00000E+00  0.00000E+00  0.00000E+00  0.00000E+00  0.46303E-05
  0.40104E-05  0.33746E-05  0.27536E-05  0.21750E-05  0.16602E-05  0.12228E-05
  0.86798E-06  0.59313E-06  0.38981E-06  0.24618E-06  0.14929E-06  0.86871E-07
  0.48479E-07  0.25931E-07  0.13289E-07  0.65214E-08
  0.00000E+00  0.00000E+00  0.00000E+00  0.00000E+00  0.00000E+00  0.00000E+00
  0.00000E+00  0.00000E+00  0.00000E+00  0.00000E+00  0.00000E+00  0.00000E+00
  0.00000E+00  0.00000E+00  0.00000E+00  0.00000E+00  0.00000E+00  0.00000E+00
  0.00000E+00  0.00000E+00  0.00000E+00  0.00000E+00  0.00000E+00  0.00000E+00
  0.33981E-05  0.27992E-05  0.22430E-05  0.17455E-05  0.13166E-05  0.96097E-06
  0.67751E-06  0.46068E-06  0.30171E-06  0.19009E-06  0.11509E-06  0.66908E-07
  0.37317E-07  0.19956E-07  0.10226E-07  0.50189E-08
  0.00000E+00  0.00000E+00  0.00000E+00  0.00000E+00  0.00000E+00  0.00000E+00
  0.00000E+00  0.00000E+00  0.00000E+00  0.00000E+00  0.00000E+00  0.00000E+00
  0.00000E+00  0.00000E+00  0.00000E+00  0.00000E+00  0.00000E+00  0.00000E+00
  0.00000E+00  0.00000E+00  0.00000E+00  0.00000E+00  0.00000E+00  0.00000E+00
  0.00000E+00  0.22512E-05  0.17659E-05  0.13495E-05  0.10030E-05  0.72357E-06
  0.50568E-06  0.34166E-06  0.22276E-06  0.13992E-06  0.84558E-07  0.49103E-07
  0.27372E-07  0.14635E-07  0.75002E-08  0.00000E+00
  0.00000E+00  0.00000E+00  0.00000E+00  0.00000E+00  0.00000E+00  0.00000E+00
  0.00000E+00  0.00000E+00  0.00000E+00  0.00000E+00  0.00000E+00  0.00000E+00
  0.00000E+00  0.00000E+00  0.00000E+00  0.00000E+00  0.00000E+00  0.00000E+00
  0.00000E+00  0.00000E+00  0.00000E+00  0.00000E+00  0.00000E+00  0.00000E+00
  0.00000E+00  0.00000E+00  0.13482E-05  0.10084E-05  0.73591E-06  0.52316E-06
  0.36148E-06  0.24219E-06  0.15698E-06  0.98216E-07  0.59207E-07  0.34334E-07
  0.19127E-07  0.10226E-07  0.52416E-08  0.00000E+00
  0.00000E+00  0.00000E+00  0.00000E+00  0.00000E+00  0.00000E+00  0.00000E+00
  0.00000E+00  0.00000E+00  0.00000E+00  0.00000E+00  0.00000E+00  0.00000E+00
  0.00000E+00  0.00000E+00  0.00000E+00  0.00000E+00  0.00000E+00  0.00000E+00
  0.00000E+00  0.00000E+00  0.00000E+00  0.00000E+00  0.00000E+00  0.00000E+00
  0.00000E+00  0.00000E+00  0.00000E+00  0.73095E-06  0.52192E-06  0.36429E-06
  0.24806E-06  0.16437E-06  0.10570E-06  0.65779E-07  0.39520E-07  0.22874E-07
  0.12732E-07  0.68059E-08  0.34897E-08  0.00000E+00
  0.00000E+00  0.00000E+00  0.00000E+00  0.00000E+00  0.00000E+00  0.00000E+00
  0.00000E+00  0.00000E+00  0.00000E+00  0.00000E+00  0.00000E+00  0.00000E+00
  0.00000E+00  0.00000E+00  0.00000E+00  0.00000E+00  0.00000E+00  0.00000E+00
  0.00000E+00  0.00000E+00  0.00000E+00  0.00000E+00  0.00000E+00  0.00000E+00
  0.00000E+00  0.00000E+00  0.00000E+00  0.00000E+00  0.00000E+00  0.24523E-06
  0.16393E-06  0.10706E-06  0.68116E-07  0.42079E-07  0.25162E-07  0.14524E-07
  0.80741E-08  0.43145E-08  0.22129E-08  0.00000E+00
  0.00000E+00  0.00000E+00  0.00000E+00  0.00000E+00  0.00000E+00  0.00000E+00
  0.00000E+00  0.00000E+00  0.00000E+00  0.00000E+00  0.00000E+00  0.00000E+00
  0.00000E+00  0.00000E+00  0.00000E+00  0.00000E+00  0.00000E+00  0.00000E+00
  0.00000E+00  0.00000E+00  0.00000E+00  0.00000E+00  0.00000E+00  0.00000E+00
  0.00000E+00  0.00000E+00  0.00000E+00  0.00000E+00  0.00000E+00  0.00000E+00
  0.10476E-06  0.67158E-07  0.42122E-07  0.25758E-07  0.15299E-07  0.87949E-08
  0.48790E-08  0.26053E-08  0.13365E-08  0.00000E+00
  0.00000E+00  0.00000E+00  0.00000E+00  0.00000E+00  0.00000E+00  0.00000E+00
  0.00000E+00  0.00000E+00  0.00000E+00  0.00000E+00  0.00000E+00  0.00000E+00
  0.00000E+00  0.00000E+00  0.00000E+00  0.00000E+00  0.00000E+00  0.00000E+00
  0.00000E+00  0.00000E+00  0.00000E+00  0.00000E+00  0.00000E+00  0.00000E+00
  0.00000E+00  0.00000E+00  0.00000E+00  0.00000E+00  0.00000E+00  0.00000E+00
  0.00000E+00  0.40755E-07  0.25088E-07  0.15128E-07  0.88989E-08  0.50848E-08
  0.28114E-08  0.14991E-08  0.76898E-09  0.00000E+00
  0.00000E+00  0.00000E+00  0.00000E+00  0.00000E+00  0.00000E+00  0.00000E+00
  0.00000E+00  0.00000E+00  0.00000E+00  0.00000E+00  0.00000E+00  0.00000E+00
  0.00000E+00  0.00000E+00  0.00000E+00  0.00000E+00  0.00000E+00  0.00000E+00
  0.00000E+00  0.00000E+00  0.00000E+00  0.00000E+00  0.00000E+00  0.00000E+00
  0.00000E+00  0.00000E+00  0.00000E+00  0.00000E+00  0.00000E+00  0.00000E+00
  0.00000E+00  0.00000E+00  0.00000E+00  0.85595E-08  0.49670E-08  0.28126E-08
  0.15468E-08  0.82265E-09  0.42167E-09  0.00000E+00
  0.00000E+00  0.00000E+00  0.00000E+00  0.00000E+00  0.00000E+00  0.00000E+00
  0.00000E+00  0.00000E+00  0.00000E+00  0.00000E+00  0.00000E+00  0.00000E+00
  0.00000E+00  0.00000E+00  0.00000E+00  0.00000E+00  0.00000E+00  0.00000E+00
  0.00000E+00  0.00000E+00  0.00000E+00  0.00000E+00  0.00000E+00  0.00000E+00
  0.00000E+00  0.00000E+00  0.00000E+00  0.00000E+00  0.00000E+00  0.00000E+00
  0.00000E+00  0.00000E+00  0.00000E+00  0.00000E+00  0.26719E-08  0.14932E-08
  0.81442E-09  0.43119E-09  0.22061E-09  0.00000E+00
  0.00000E+00  0.00000E+00  0.00000E+00  0.00000E+00  0.00000E+00  0.00000E+00
  0.00000E+00  0.00000E+00  0.00000E+00  0.00000E+00  0.00000E+00  0.00000E+00
  0.00000E+00  0.00000E+00  0.00000E+00  0.00000E+00  0.00000E+00  0.00000E+00
  0.00000E+00  0.00000E+00  0.00000E+00  0.00000E+00  0.00000E+00  0.00000E+00
  0.00000E+00  0.00000E+00  0.00000E+00  0.00000E+00  0.00000E+00  0.00000E+00
  0.00000E+00  0.00000E+00  0.00000E+00  0.00000E+00  0.00000E+00  0.00000E+00
  0.41187E-09  0.21645E-09  0.11034E-09  0.00000E+00
  0.00000E+00  0.00000E+00  0.00000E+00  0.00000E+00  0.00000E+00  0.00000E+00
  0.00000E+00  0.00000E+00  0.00000E+00  0.00000E+00  0.00000E+00  0.00000E+00
  0.00000E+00  0.00000E+00  0.00000E+00  0.00000E+00  0.00000E+00  0.00000E+00
  0.00000E+00  0.00000E+00  0.00000E+00  0.00000E+00  0.00000E+00  0.00000E+00
  0.00000E+00  0.00000E+00  0.00000E+00  0.00000E+00  0.00000E+00  0.00000E+00
  0.00000E+00  0.00000E+00  0.00000E+00  0.00000E+00  0.00000E+00  0.00000E+00
  0.20117E-09  0.10451E-09  0.52938E-10  0.00000E+00
  0.00000E+00  0.00000E+00  0.00000E+00  0.00000E+00  0.00000E+00  0.00000E+00
  0.00000E+00  0.00000E+00  0.00000E+00  0.00000E+00  0.00000E+00  0.00000E+00
  0.00000E+00  0.00000E+00  0.00000E+00  0.00000E+00  0.00000E+00  0.00000E+00
  0.00000E+00  0.00000E+00  0.00000E+00  0.00000E+00  0.00000E+00  0.00000E+00
  0.00000E+00  0.00000E+00  0.00000E+00  0.00000E+00  0.00000E+00  0.00000E+00
  0.00000E+00  0.00000E+00  0.00000E+00  0.00000E+00  0.00000E+00  0.00000E+00
  0.00000E+00  0.48850E-10  0.24492E-10  0.00000E+00
  0.00000E+00  0.00000E+00  0.00000E+00  0.00000E+00  0.00000E+00  0.00000E+00
  0.00000E+00  0.00000E+00  0.00000E+00  0.00000E+00  0.00000E+00  0.00000E+00
  0.00000E+00  0.00000E+00  0.00000E+00  0.00000E+00  0.00000E+00  0.00000E+00
  0.00000E+00  0.00000E+00  0.00000E+00  0.00000E+00  0.00000E+00  0.00000E+00
  0.00000E+00  0.00000E+00  0.00000E+00  0.00000E+00  0.00000E+00  0.00000E+00
  0.00000E+00  0.00000E+00  0.00000E+00  0.00000E+00  0.00000E+00  0.00000E+00
  0.00000E+00  0.00000E+00  0.00000E+00  0.00000E+00
